105 94
90 36 73 90 16 83 14 88 84 43 20 42 47 34 12 89 31 18 78 97 49 95 42 0 99 54 37 52 8 16 24 75 36 12 57 12 41 21 96 13 68 18 20 94 61 0 20 92 72 22 65 88 47 93 35 42 30 61 34 78 22 32 6 51 29 60 12 53 11 54 9 2 60 89 75 94 50 40 4 86 68 32 48 40 37 57 47 38 28 7 99 53 80 57 
36 70 94 37 92 53 77 80 75 36 97 58 49 49 56 66 54 49 42 95 68 16 11 74 66 41 58 16 11 88 76 12 94 83 52 24 78 70 41 28 6 27 22 75 62 5 22 21 83 6 34 60 74 54 26 27 57 1 98 68 96 51 44 88 28 19 76 26 61 70 20 71 51 60 5 14 54 72 89 30 6 83 80 37 95 80 56 44 80 61 84 90 45 89 
75 56 72 16 2 97 64 64 85 80 64 6 21 91 11 54 4 21 2 33 95 53 12 80 77 66 5 94 69 94 70 19 10 56 78 69 72 84 92 34 28 63 73 13 47 27 7 96 87 34 94 42 79 3 47 93 91 13 70 63 85 39 36 14 40 40 4 4 13 59 98 87 13 9 27 53 62 9 32 74 76 10 49 68 74 74 31 65 15 29 99 59 79 13 
96 35 54 57 11 70 4 10 59 80 55 20 96 20 1 38 73 22 18 35 56 67 3 47 58 40 41 71 40 64 77 91 27 82 92 79 27 60 28 44 87 3 45 18 71 79 89 3 35 14 58 79 92 68 50 59 49 19 41 84 76 13 37 83 57 3 95 1 25 59 35 65 85 83 78 39 86 72 72 99 57 44 40 91 68 44 73 91 98 36 45 35 31 6 
67 36 63 28 31 20 25 6 27 8 72 6 24 1 0 11 17 43 81 36 46 15 73 22 18 30 80 12 81 60 72 1 24 26 20 21 70 42 9 48 0 22 18 36 99 85 25 17 34 58 5 77 67 75 36 7 6 68 15 28 6 90 3 32 50 48 21 86 97 68 38 22 5 73 99 87 67 36 84 65 10 93 43 71 93 25 15 28 90 44 55 47 60 50 
4 82 32 98 59 67 13 88 92 52 21 76 80 4 58 37 21 81 99 81 52 62 41 97 70 20 50 21 19 74 31 44 35 9 56 44 39 78 61 18 29 75 87 61 73 37 51 60 7 20 12 28 23 36 87 67 45 48 91 92 49 25 62 87 8 37 24 24 76 35 66 80 50 97 41 10 70 92 74 54 39 54 60 15 90 0 6 21 12 49 59 45 0 13 
68 60 10 24 45 8 42 44 93 56 35 63 22 27 49 0 8 30 74 42 45 59 62 88 21 65 3 55 89 99 75 60 59 55 96 9 99 30 71 69 15 1 14 95 42 46 45 2 49 94 58 87 23 22 40 39 29 26 0 51 20 12 8 74 75 6 75 94 15 92 60 15 75 86 14 22 91 4 1 60 2 14 12 75 25 87 55 28 95 10 55 48 18 49 
86 48 80 65 22 24 64 38 18 49 32 28 43 38 33 33 1 60 95 25 22 70 66 5 74 50 18 49 59 27 79 67 46 13 57 64 92 17 42 95 80 78 80 64 19 35 8 30 82 1 33 70 51 36 61 65 33 92 22 4 51 91 93 67 16 66 85 80 75 85 4 78 45 50 30 13 45 93 78 66 32 0 73 57 1 85 44 94 37 9 50 0 78 37 
10 55 40 64 88 61 68 46 65 54 88 73 89 37 72 28 82 77 39 35 68 20 99 1 10 71 23 88 70 33 3 77 97 7 0 67 95 57 5 62 18 65 82 7 82 47 5 71 82 42 25 51 48 18 71 72 18 31 42 4 34 62 27 94 63 45 98 12 9 52 15 69 14 85 43 85 93 70 32 34 53 88 80 51 35 69 32 87 43 60 66 17 45 35 
55 77 1 65 19 22 71 9 34 55 25 16 12 6 76 39 63 93 34 50 26 12 68 5 73 32 27 93 38 49 41 46 57 73 49 97 1 77 34 24 95 58 8 14 3 61 56 52 3 9 54 32 19 28 91 64 12 61 78 19 43 77 44 65 59 51 32 72 92 8 57 74 99 95 15 10 99 10 69 42 2 94 29 90 71 9 24 3 75 53 64 53 3 58 
91 52 94 33 69 48 74 73 46 26 78 16 94 58 84 21 69 74 24 90 34 38 49 11 92 20 68 13 57 12 93 70 12 30 55 34 11 2 35 59 3 98 68 87 87 68 85 47 86 86 49 34 44 25 3 7 17 30 72 11 69 44 73 4 20 4 14 87 28 89 1 89 5 8 89 42 55 17 30 88 67 76 83 91 32 94 29 56 56 16 87 60 97 71 
2 33 55 2 77 2 25 95 33 93 67 38 20 49 27 48 83 2 43 29 49 30 81 33 28 55 88 6 44 77 79 53 58 4 64 23 70 92 83 69 52 11 21 0 76 89 6 21 1 67 11 83 47 84 1 94 29 50 26 20 32 9 3 56 7 74 65 52 33 43 42 44 46 79 98 26 9 73 69 73 52 99 57 34 93 81 18 11 72 88 42 5 1 67 
60 50 41 34 54 93 49 34 51 31 40 98 85 37 86 60 98 10 12 41 16 65 12 32 50 92 86 77 98 61 71 82 84 64 41 67 44 23 36 73 23 81 7 33 24 41 68 69 16 52 92 66 4 45 49 79 35 85 70 48 17 94 13 41 2 90 65 82 50 61 98 23 52 29 31 21 19 85 35 18 72 83 18 58 98 20 60 34 56 39 93 88 79 49 
0 4 29 61 58 19 91 4 87 15 54 83 66 12 98 65 33 75 9 65 60 75 28 54 23 63 76 29 22 44 6 23 31 6 38 12 61 1 71 9 25 76 74 99 98 21 5 48 46 29 31 87 32 33 44 50 18 26 35 90 22 42 60 64 1 95 90 24 72 26 4 90 7 16 94 80 21 96 17 40 57 51 70 21 89 15 29 17 25 83 43 88 38 50 
96 26 29 4 8 46 78 44 70 47 98 68 99 9 93 97 53 99 4 35 81 14 47 70 71 65 53 14 42 93 87 80 65 28 83 86 48 28 63 17 20 8 20 29 50 1 65 83 61 4 26 64 95 26 43 44 29 89 79 63 93 71 50 42 69 11 41 74 68 98 47 78 99 78 38 11 10 42 41 75 35 10 61 16 88 96 8 64 94 37 35 16 84 9 
47 40 22 58 87 69 40 63 41 8 21 20 94 54 98 56 0 27 99 59 63 19 46 4 62 75 57 92 35 34 11 79 91 86 96 33 26 15 87 64 83 36 38 48 76 6 77 50 96 15 34 3 1 37 41 41 92 69 6 55 52 21 51 2 13 91 66 60 69 59 50 87 77 24 25 70 92 60 68 94 84 80 84 21 89 63 84 85 58 49 40 14 64 28 
92 17 60 78 90 1 35 23 19 33 70 66 54 47 10 54 51 31 69 12 13 90 30 68 74 32 35 58 30 60 34 94 86 52 87 66 30 0 74 62 73 96 44 3 13 66 30 88 38 76 57 29 4 99 2 79 8 89 34 79 7 50 11 59 31 79 30 27 90 17 40 73 75 54 58 13 31 55 54 48 2 25 87 71 79 75 88 20 62 77 60 89 7 38 
11 99 65 50 77 34 61 79 57 64 78 43 85 82 30 5 10 59 29 31 82 66 75 44 49 56 54 18 37 83 76 12 97 65 32 36 63 9 52 75 66 81 88 12 4 44 40 19 28 64 82 27 55 87 94 61 51 84 46 16 96 84 16 74 40 9 44 71 76 11 26 34 70 68 67 20 96 52 11 61 69 78 10 17 61 61 4 68 18 43 72 53 71 32 
84 39 67 19 67 68 68 19 80 98 75 89 57 19 0 16 49 89 24 50 0 24 51 92 83 83 33 10 66 23 86 50 46 56 4 15 77 73 87 65 9 34 72 84 78 57 99 52 51 69 67 13 27 78 56 90 95 59 72 9 56 19 26 5 84 37 62 0 41 9 73 63 75 87 18 2 15 34 45 23 66 33 15 22 12 53 82 58 91 57 46 88 81 55 
13 56 91 60 75 14 66 76 36 6 84 92 74 44 6 35 30 99 85 79 94 51 13 60 66 80 33 32 9 68 29 87 50 33 50 99 10 56 30 24 35 98 80 29 59 57 4 0 83 94 49 30 96 34 56 74 66 12 6 88 42 58 94 53 95 15 92 56 85 14 1 36 64 67 42 89 57 35 10 80 87 2 94 68 54 24 75 75 61 15 54 93 55 62 
69 23 90 88 88 15 44 2 52 63 24 21 86 41 95 11 97 72 12 72 70 99 31 85 82 1 31 88 41 64 32 4 62 70 41 30 86 29 82 5 68 23 33 21 93 66 65 60 50 5 76 7 17 33 4 16 49 75 4 60 38 75 48 82 69 94 27 13 39 95 88 19 4 23 47 57 61 93 24 60 67 44 8 90 59 94 50 89 64 14 96 1 60 19 
23 31 85 37 88 45 65 46 57 69 48 37 11 53 37 8 55 3 18 39 19 53 76 52 87 59 9 83 91 44 13 41 44 14 88 21 89 96 78 4 23 5 16 57 78 87 57 12 28 68 31 28 67 39 25 64 58 37 10 33 51 32 53 14 23 2 23 27 59 88 9 37 26 46 72 77 5 83 5 44 31 87 29 49 81 25 94 10 40 8 89 39 98 4 
24 36 48 14 38 70 4 61 61 70 33 17 68 68 82 23 25 66 83 7 47 92 76 50 29 90 3 36 67 91 81 56 73 84 54 33 72 4 31 37 79 75 38 54 20 54 11 59 36 97 90 95 8 10 6 4 26 20 94 21 24 67 90 24 74 21 53 79 21 53 89 17 88 84 15 49 82 27 95 3 73 39 94 40 12 94 2 22 0 24 64 7 94 23 
38 63 51 42 25 64 27 91 22 71 24 43 73 87 37 8 36 90 26 37 14 41 13 22 50 62 41 14 8 81 63 72 13 92 47 95 83 7 21 36 23 49 56 30 17 61 52 32 47 10 6 60 94 90 48 90 28 87 54 0 80 4 46 3 13 92 22 60 71 83 80 43 16 97 48 46 11 66 39 4 86 23 1 77 90 96 38 83 23 77 31 52 26 52 
39 21 57 86 32 86 75 44 23 20 13 69 25 90 44 21 3 13 91 74 14 49 96 7 26 69 29 87 64 58 72 49 27 40 14 98 80 22 45 47 9 14 58 45 79 36 35 31 99 37 91 46 86 99 2 7 14 2 75 99 3 10 72 57 65 89 33 79 8 55 76 74 89 67 76 75 54 22 30 50 77 56 79 33 18 98 56 89 1 65 23 61 29 55 
14 12 50 53 8 17 80 74 39 85 20 23 95 72 20 88 37 30 21 69 22 8 5 90 46 89 78 13 1 1 68 59 94 97 25 97 56 54 40 10 72 56 68 27 10 94 22 84 95 84 0 71 91 22 22 21 36 48 50 25 7 90 24 51 61 91 21 22 40 47 29 8 97 73 83 11 21 25 28 17 63 3 76 0 70 31 67 69 48 67 93 26 32 13 
31 2 43 83 30 40 35 5 62 71 17 98 69 30 80 14 25 10 21 92 82 56 55 24 88 32 39 72 7 62 45 2 44 44 7 72 73 10 94 98 35 92 65 34 67 63 28 87 79 41 72 79 95 25 28 24 59 89 80 49 24 64 30 29 87 99 37 56 72 25 9 16 65 45 33 97 10 15 65 54 67 63 36 40 56 13 15 34 90 83 77 34 46 33 
45 15 93 69 53 42 28 75 40 80 45 55 48 63 42 57 83 52 54 11 36 20 13 63 10 84 11 30 32 5 41 14 38 6 40 55 70 44 24 89 4 93 17 27 69 24 51 88 56 86 63 77 69 21 82 31 35 53 1 54 69 33 20 61 19 77 93 20 29 60 3 49 68 95 87 44 79 28 3 79 41 9 64 0 74 56 56 19 11 98 15 58 23 97 
80 53 86 7 43 95 72 98 60 56 84 74 0 98 75 2 28 28 69 16 46 33 14 50 49 98 65 36 60 90 86 42 48 29 57 82 9 26 99 50 36 85 24 19 8 24 54 60 37 23 39 2 25 23 58 24 25 99 30 38 32 36 80 40 38 16 73 25 51 22 78 59 55 57 30 28 61 1 62 63 9 78 54 81 8 19 50 43 89 96 52 86 89 59 
80 4 6 73 89 66 10 37 15 71 84 76 43 54 49 36 88 24 74 7 55 62 62 31 31 83 73 56 74 1 75 57 30 11 82 21 44 56 86 36 93 36 83 34 6 32 26 46 75 65 27 96 73 82 43 80 90 6 13 82 80 2 8 67 61 94 71 64 46 56 16 29 5 83 79 91 32 70 97 76 74 98 12 93 60 99 38 87 67 66 88 59 54 13 
23 61 60 46 74 83 93 16 15 78 26 81 6 87 74 64 42 98 38 78 39 51 48 67 75 97 43 20 71 62 12 46 5 60 44 59 4 20 30 19 86 59 96 30 91 17 72 62 64 24 66 96 98 27 57 86 15 72 81 83 47 28 67 0 18 92 12 58 57 91 36 9 79 15 36 85 50 7 8 49 84 14 33 58 14 9 32 54 52 72 19 28 74 38 
94 13 32 78 57 13 91 74 93 34 49 90 67 41 53 29 71 30 74 73 50 55 61 64 9 56 9 30 65 74 54 71 50 33 14 60 45 5 96 16 72 15 20 13 72 8 43 56 33 74 47 12 1 2 43 2 44 0 18 53 5 68 93 46 65 74 6 9 59 56 35 69 79 47 87 39 66 45 36 38 64 19 54 30 92 68 97 58 11 26 10 95 78 88 
32 68 91 20 68 12 89 92 70 64 60 32 60 98 20 53 66 53 13 7 28 97 52 4 44 56 63 78 20 14 15 97 92 43 28 90 22 73 81 48 50 81 46 89 88 11 22 89 10 24 34 94 6 34 2 65 40 70 10 56 14 54 75 6 27 76 49 22 43 47 43 49 12 73 30 73 49 36 74 15 25 66 14 86 49 6 46 80 79 85 35 58 89 14 
42 16 72 98 27 0 17 72 67 26 6 60 73 30 70 77 25 31 80 41 13 35 52 99 12 70 41 63 53 29 38 87 52 18 0 43 4 49 89 80 77 71 85 37 29 14 76 87 24 64 68 43 89 82 44 32 13 96 91 88 3 43 8 12 88 61 88 82 0 8 26 22 49 41 55 16 36 41 42 81 34 92 99 51 90 48 5 8 40 98 83 57 25 68 
4 55 96 12 25 98 27 31 20 90 93 7 6 0 15 56 22 9 10 17 36 2 18 52 77 51 35 50 27 78 72 13 97 17 95 46 6 52 33 16 51 36 30 33 42 0 97 12 40 53 68 20 99 51 28 47 87 19 22 75 15 30 46 58 24 22 14 19 18 97 90 31 80 98 6 67 6 37 92 38 10 9 59 41 3 29 87 74 66 21 50 45 38 60 
29 47 64 67 89 53 50 89 46 56 40 36 18 99 15 39 58 87 99 98 18 85 86 10 90 49 49 73 19 76 83 83 5 68 29 98 70 20 58 92 50 83 31 18 32 36 13 10 94 28 97 74 61 75 26 73 13 79 69 46 44 69 6 32 62 27 38 78 0 24 76 6 57 85 35 80 70 92 81 80 37 54 64 80 89 43 5 7 87 41 80 5 22 78 
23 98 69 40 88 98 28 47 44 48 50 6 14 80 61 44 68 49 99 71 14 69 63 28 22 91 69 55 12 75 46 10 14 4 53 52 48 61 89 71 17 84 63 25 26 50 20 39 24 51 22 96 29 34 99 82 20 7 57 12 33 60 26 44 46 79 56 39 33 8 31 0 9 88 92 55 66 35 19 95 32 86 2 77 50 71 29 38 83 57 30 56 32 40 
76 68 62 48 31 3 63 20 97 31 88 7 57 66 8 44 42 96 71 72 21 88 49 77 18 27 1 76 2 51 49 98 11 99 38 37 98 45 38 93 35 15 59 98 86 24 48 30 17 46 52 19 12 49 91 59 67 14 17 39 65 90 38 76 53 14 9 7 50 24 3 19 61 96 1 86 51 83 49 96 86 12 96 70 80 40 82 53 49 74 89 69 90 81 
65 46 91 99 31 87 68 47 43 93 6 44 81 39 18 14 1 39 20 80 12 66 99 30 18 87 95 71 97 99 34 3 27 27 84 2 79 76 86 25 34 32 96 58 17 64 23 86 61 49 25 42 24 87 29 18 29 45 57 22 12 77 6 38 80 65 43 15 83 33 19 28 5 25 76 88 37 76 80 63 55 71 92 70 40 88 7 59 41 27 87 57 33 20 
1 30 16 58 39 36 36 43 92 59 91 2 54 56 97 56 12 6 88 40 49 12 52 32 10 81 82 85 47 27 69 43 23 13 70 43 82 57 11 83 38 27 0 9 5 44 24 60 92 63 32 35 62 53 38 98 54 97 90 54 98 75 41 22 13 48 92 12 80 31 54 95 7 63 2 98 71 75 12 45 87 23 29 37 53 80 98 68 71 7 4 77 82 39 
55 25 82 74 88 73 32 52 32 39 3 80 56 34 63 38 10 12 15 56 50 48 87 64 73 75 2 36 14 2 44 47 7 47 98 82 37 82 83 97 1 86 28 67 45 23 13 44 34 98 99 32 63 65 12 7 87 73 68 62 13 55 60 98 47 78 29 87 28 91 67 57 44 21 23 81 21 15 41 27 63 39 19 37 30 39 30 51 79 42 8 44 13 14 
25 94 50 85 11 68 6 91 8 67 68 94 85 10 50 4 70 20 84 94 31 90 74 77 24 21 6 73 6 42 59 36 49 54 65 82 62 37 53 18 11 74 8 60 82 75 53 75 71 88 77 84 42 28 87 78 39 19 52 13 86 32 51 46 89 10 57 59 19 47 86 9 30 24 13 72 78 95 65 56 27 73 65 36 24 44 61 92 86 77 6 3 6 71 
43 78 46 7 88 49 26 78 50 30 39 40 9 34 45 39 85 11 20 47 61 24 41 79 73 33 21 10 69 49 54 55 57 22 36 90 18 88 70 56 81 60 14 36 18 2 26 63 27 65 60 64 23 42 76 40 39 63 22 41 88 17 4 2 71 98 75 9 19 43 2 56 84 0 70 52 37 25 2 25 46 4 90 72 70 8 52 18 35 47 64 67 21 94 
23 49 47 96 71 98 88 18 22 29 59 66 28 24 78 24 42 23 79 78 92 96 86 73 2 69 82 84 20 63 31 52 65 66 99 99 24 71 9 22 98 25 30 95 22 53 99 30 36 13 92 78 59 78 98 83 43 82 22 79 36 53 93 56 83 17 33 95 50 64 25 49 12 45 61 82 9 89 22 84 66 32 2 95 52 4 10 49 89 60 22 52 81 38 
38 8 28 55 71 86 61 4 1 98 3 93 53 9 90 38 74 32 43 85 89 42 18 77 56 10 86 85 4 25 98 22 14 27 45 75 39 40 68 77 45 83 46 70 20 44 11 91 24 86 34 7 31 31 17 75 0 93 31 97 62 70 12 50 83 58 50 42 69 32 87 0 69 38 12 56 82 0 91 83 91 95 64 74 68 72 17 46 70 44 25 9 31 53 
13 1 31 50 90 28 35 17 25 95 1 81 92 85 1 97 75 22 51 53 49 4 86 40 85 10 75 16 35 42 40 54 94 74 53 91 61 90 16 11 66 92 18 13 62 93 0 18 27 44 71 86 34 33 7 56 22 19 62 45 93 27 89 91 41 49 74 49 64 11 31 49 20 98 53 11 86 43 87 92 74 44 82 9 28 70 44 17 39 51 10 43 4 72 
22 23 62 97 13 43 83 5 84 96 89 68 61 48 99 60 89 21 54 48 82 14 56 45 94 15 40 87 0 70 8 24 17 1 68 39 44 68 25 44 6 6 95 51 82 46 55 92 72 43 46 43 40 42 28 40 97 84 45 92 60 69 65 39 6 30 69 46 88 79 26 54 71 21 77 43 56 56 78 59 29 41 66 13 28 74 64 82 22 3 21 88 63 51 
91 77 4 72 58 29 29 44 36 81 34 58 35 85 95 39 51 60 87 31 69 83 16 96 59 12 67 1 73 1 74 60 61 86 56 46 29 75 14 99 2 66 85 23 5 32 69 62 64 31 17 97 64 44 48 51 58 23 89 7 75 78 83 75 40 71 36 8 96 30 48 51 3 54 26 90 52 46 13 38 79 15 81 20 28 27 84 34 5 83 2 33 95 46 
4 14 46 3 5 10 75 61 67 51 89 56 60 2 72 68 86 12 16 64 91 7 15 30 69 60 15 5 10 35 57 63 38 79 42 28 22 52 57 25 15 40 5 11 5 50 50 9 40 94 85 68 11 49 55 98 63 6 87 36 15 7 51 57 58 78 27 54 19 10 30 50 2 15 25 82 90 6 59 37 19 64 13 88 74 60 62 3 18 54 73 83 78 9 
57 58 13 27 45 11 66 76 85 45 53 98 87 94 75 7 53 13 92 97 55 9 32 54 21 73 50 53 57 55 3 69 33 27 22 15 33 55 13 86 60 61 35 0 14 77 70 79 81 33 31 86 76 33 55 76 31 30 3 58 37 40 87 63 25 76 96 24 8 66 29 82 83 26 94 8 24 92 19 32 56 5 23 29 39 46 41 80 41 62 43 71 23 31 
23 92 71 35 79 77 63 91 4 80 30 84 18 93 71 36 87 25 78 57 81 80 10 49 48 11 25 52 3 36 69 69 1 18 12 89 10 90 45 38 74 72 96 94 21 75 55 50 95 88 96 5 3 30 87 94 69 12 46 69 89 61 45 5 83 52 27 89 52 31 91 53 95 82 24 12 0 62 40 37 65 7 98 23 72 95 31 28 14 23 13 4 12 10 
86 80 41 44 87 47 26 75 42 88 17 0 99 48 75 16 10 64 87 48 81 34 89 17 16 44 70 16 53 85 74 41 2 93 18 65 88 59 65 12 86 67 53 82 99 86 73 14 37 18 48 7 86 65 98 85 39 45 87 51 95 63 17 96 85 61 49 74 38 91 22 74 80 5 47 57 46 14 51 69 77 74 3 67 93 30 39 28 76 91 42 21 21 3 
50 61 6 59 36 3 88 96 42 99 10 45 90 92 53 36 71 84 33 39 21 51 79 89 24 91 82 90 54 88 81 64 22 33 43 29 66 25 31 67 6 45 47 13 21 62 78 58 78 60 64 37 73 29 81 64 7 28 97 9 46 73 49 78 24 0 80 23 55 10 49 76 37 63 97 5 95 20 63 23 37 79 64 22 55 8 12 65 40 35 5 85 72 49 
56 74 48 62 8 84 69 72 81 82 22 15 11 31 10 22 53 11 53 17 61 30 99 16 44 6 69 97 74 67 9 2 37 67 90 56 90 87 41 22 54 55 2 7 32 13 67 59 33 99 15 28 42 99 70 72 53 52 83 85 90 13 66 14 51 76 69 75 23 98 99 70 1 61 87 55 96 87 41 67 67 62 51 3 64 19 23 16 17 64 75 33 88 91 
75 25 5 35 77 34 40 56 47 44 54 20 80 58 79 54 59 52 71 24 26 93 63 85 27 27 90 15 6 43 74 43 30 1 35 2 87 31 97 66 46 58 93 10 51 36 4 63 79 39 46 27 89 88 74 15 0 12 2 45 29 31 17 71 14 62 4 46 99 35 41 50 79 86 37 87 17 55 16 82 89 91 37 42 76 65 80 62 30 93 36 38 51 91 
72 51 73 10 84 50 29 81 83 73 47 84 47 88 20 19 56 57 16 91 19 64 61 14 92 9 5 75 20 56 47 84 49 89 60 18 26 83 80 83 84 64 38 95 8 98 30 15 27 96 38 70 49 4 51 53 32 29 62 80 27 29 64 88 54 30 51 8 57 81 52 48 5 6 54 41 68 43 19 75 16 17 61 20 94 79 89 82 56 65 78 96 28 82 
70 25 66 59 73 50 33 66 8 68 93 79 91 22 14 72 14 75 44 64 18 37 43 26 7 19 80 24 25 95 2 76 17 53 90 31 31 11 75 29 84 35 51 39 57 68 6 32 99 37 2 49 40 59 50 1 40 2 47 20 81 68 36 63 37 77 72 24 39 31 27 76 69 11 73 25 71 41 45 46 56 73 2 92 36 35 8 82 91 97 76 70 67 58 
68 46 80 57 72 28 25 75 75 14 51 34 86 79 68 18 43 16 88 58 75 73 1 37 58 47 66 42 38 58 59 98 92 30 40 45 78 67 70 60 7 39 94 78 54 95 64 20 60 41 42 16 8 4 40 8 28 26 32 59 93 52 99 14 27 13 94 94 65 82 67 58 41 70 40 11 35 91 89 46 65 90 41 67 83 16 43 98 62 9 97 36 84 70 
37 94 80 14 21 32 82 59 79 61 25 44 43 58 12 5 98 4 87 52 4 18 88 16 35 9 0 87 90 74 26 4 82 7 31 83 99 25 30 55 71 30 73 18 66 19 24 73 36 28 43 6 64 82 25 64 57 71 15 98 85 79 97 68 85 4 12 75 45 23 98 70 34 89 34 84 9 81 15 91 98 33 9 90 69 29 54 26 93 42 7 0 41 75 
31 61 18 95 6 87 99 94 16 46 88 90 67 64 71 69 63 87 29 61 68 63 17 25 30 95 63 18 27 95 26 5 99 71 27 69 85 67 42 87 67 95 24 17 48 3 28 16 5 9 23 80 62 14 91 82 89 45 43 17 26 69 33 34 76 75 73 12 7 93 81 61 56 35 20 42 77 53 49 53 35 78 36 96 69 95 68 72 15 76 65 34 35 5 
26 14 86 22 35 19 12 7 22 9 91 25 61 99 46 36 14 86 43 75 78 87 60 27 77 72 78 77 56 39 84 27 27 99 25 5 73 98 90 68 65 88 90 83 46 1 51 29 45 4 59 78 53 17 53 15 31 14 21 20 25 51 2 58 13 22 24 56 80 25 63 56 95 16 20 37 10 25 20 65 50 57 92 3 39 10 20 97 36 85 53 6 62 29 
67 20 37 43 95 6 79 88 82 68 2 79 27 72 22 27 47 11 77 18 5 58 40 37 84 44 62 94 66 82 19 29 57 55 47 10 49 41 18 15 87 93 39 90 58 93 82 96 15 77 76 19 59 66 91 84 44 80 16 89 43 4 10 68 55 92 36 8 23 76 59 45 89 39 47 84 16 19 40 55 36 30 10 71 16 52 12 31 26 12 3 20 37 97 
31 25 52 40 46 1 64 42 55 30 47 11 91 74 24 57 77 23 42 96 80 54 7 72 73 47 49 76 91 72 74 22 68 85 14 2 35 42 57 56 21 56 62 15 86 72 22 64 45 5 87 5 68 64 13 61 23 58 53 95 65 52 15 82 70 71 98 79 27 45 15 79 75 81 15 67 96 72 41 23 45 21 74 10 0 46 13 58 15 16 20 62 60 80 
40 64 2 81 42 82 3 9 5 57 11 54 61 0 3 74 35 33 76 18 62 12 32 33 94 62 16 89 33 3 21 85 68 98 89 67 20 68 54 41 92 5 20 89 87 94 22 21 2 87 39 42 87 11 63 41 8 67 93 33 1 93 59 14 85 52 60 35 8 92 50 31 32 38 8 9 52 33 20 25 4 81 76 64 14 12 42 27 95 51 42 16 67 57 
0 45 12 22 47 28 95 83 37 12 80 91 29 68 9 36 8 18 65 64 79 30 86 64 28 59 45 83 9 70 29 32 93 62 43 22 72 48 18 33 94 59 94 13 45 74 94 17 8 49 58 25 29 40 43 98 17 76 99 67 76 23 99 62 72 11 88 65 66 16 79 46 71 12 15 71 72 15 39 30 93 45 34 50 16 10 85 95 83 83 38 42 53 85 
91 55 61 18 11 48 91 26 18 38 33 52 28 86 56 25 39 83 80 48 26 22 6 46 74 30 6 30 81 67 40 36 72 32 77 0 29 20 23 65 3 56 82 95 55 52 54 74 11 83 92 43 57 61 35 81 26 0 76 71 10 78 15 95 63 19 65 29 78 7 69 4 78 55 51 37 53 78 19 98 7 38 32 46 10 76 46 26 88 30 11 53 82 84 
60 84 52 39 42 46 95 35 6 17 46 38 14 73 26 49 92 5 13 80 85 12 53 73 61 58 37 65 39 51 48 3 91 88 56 63 98 74 23 63 90 43 69 35 51 73 43 43 40 90 55 41 81 57 67 40 45 40 44 22 14 46 27 96 76 15 92 37 76 30 18 52 7 29 20 51 50 95 43 96 30 51 19 0 86 90 6 19 87 68 51 45 69 30 
32 83 41 88 26 60 72 68 45 43 87 95 83 43 80 68 51 78 38 5 8 81 67 10 41 0 64 71 35 51 40 84 23 88 82 29 62 22 64 46 37 85 94 1 23 49 76 10 49 12 43 73 56 39 31 25 83 69 71 59 27 61 94 54 22 26 59 75 98 87 51 97 27 64 41 96 35 75 80 77 47 20 7 26 61 87 30 98 56 59 41 22 64 11 
79 99 96 37 66 62 30 91 86 22 8 44 41 31 15 2 34 73 25 87 74 23 98 69 9 79 76 71 41 75 96 3 83 14 39 5 2 22 95 37 86 26 44 32 52 95 88 31 27 85 50 83 18 5 0 22 63 1 50 98 40 2 43 52 35 40 79 90 81 68 42 20 43 17 6 99 8 27 39 26 21 13 43 2 3 58 13 2 4 53 87 9 5 52 
20 24 97 45 44 69 22 92 10 95 67 78 4 54 28 59 37 93 24 79 42 16 79 4 55 9 52 81 78 19 94 58 65 69 46 57 0 57 34 26 14 16 26 27 36 15 28 13 29 34 83 67 17 68 39 93 81 75 10 15 1 77 60 75 25 68 2 97 12 23 11 8 29 3 39 89 53 22 61 6 8 47 61 33 61 29 76 16 74 48 90 5 56 60 
26 4 92 48 48 31 90 34 51 24 22 42 10 59 75 36 89 39 44 86 21 53 31 81 90 11 82 76 52 63 58 33 92 28 64 32 36 52 77 53 43 31 21 22 46 6 37 51 16 70 98 70 93 6 9 90 28 82 85 27 93 36 77 65 71 78 90 7 24 6 77 37 73 58 27 42 71 4 69 98 56 13 29 82 38 38 88 24 99 72 69 0 44 93 
25 6 19 80 45 54 3 3 21 6 62 51 45 24 59 55 60 70 38 80 65 70 80 65 53 25 53 99 32 92 96 80 65 39 53 38 7 91 34 40 31 7 98 39 33 27 31 37 10 52 48 33 51 94 85 77 4 58 42 85 29 8 24 60 26 1 55 82 63 96 15 70 10 25 25 84 27 70 42 89 95 95 29 13 9 93 83 47 95 51 88 31 80 23 
85 43 55 35 71 28 9 9 89 91 34 10 29 93 95 85 81 13 23 72 48 79 74 54 98 53 87 10 8 79 20 36 48 89 49 70 13 59 38 56 59 72 28 67 38 92 14 63 30 38 17 29 10 22 54 41 91 63 0 8 81 48 33 63 67 44 14 18 66 76 23 37 35 38 35 25 51 65 88 0 85 43 74 27 54 64 25 97 5 47 34 10 97 73 
7 92 22 96 1 40 79 37 57 69 70 4 41 41 93 76 92 96 8 15 68 17 60 56 89 33 95 15 55 27 74 52 73 86 93 43 57 60 14 40 47 14 66 82 89 21 14 35 73 72 74 27 75 54 61 45 23 54 93 62 46 99 60 51 59 52 39 17 71 9 21 92 18 85 83 47 34 42 36 80 69 28 63 28 73 19 43 91 58 78 76 75 27 57 
14 10 69 45 88 20 62 9 51 23 29 55 30 21 51 24 68 2 25 22 24 75 34 95 37 99 72 24 89 64 76 11 75 33 64 14 2 26 78 74 92 33 32 72 7 67 77 31 95 53 25 51 61 64 2 6 15 12 53 22 24 96 71 59 97 29 84 49 61 88 55 10 89 71 10 56 86 41 84 79 64 3 92 97 18 68 35 97 5 20 65 55 80 12 
96 46 3 13 7 52 0 3 51 64 72 77 60 40 28 10 47 40 10 49 16 95 74 7 3 38 56 65 47 14 10 55 32 12 1 12 67 89 10 70 21 40 76 98 63 55 88 34 59 16 12 34 88 72 72 63 55 23 61 60 90 49 78 51 82 54 0 73 63 90 91 33 60 83 34 97 10 2 82 78 77 10 72 69 84 76 16 74 70 50 52 28 98 4 
40 48 19 47 45 79 76 57 69 22 93 43 24 60 5 55 51 16 66 13 80 45 0 54 38 60 52 80 78 52 9 34 63 82 65 46 41 59 46 63 41 67 31 22 92 97 82 66 85 79 97 1 17 31 25 99 22 63 17 66 60 64 99 44 31 40 1 70 5 33 0 0 2 31 1 81 14 8 80 2 28 96 35 99 20 74 68 47 42 41 29 9 72 60 
74 68 5 83 82 85 18 76 90 8 6 28 77 82 7 6 6 36 42 56 6 27 6 63 83 81 78 29 98 60 6 92 44 76 52 63 78 88 98 33 27 74 27 64 67 87 43 38 12 78 98 27 84 13 19 67 64 56 45 21 49 37 92 85 41 20 57 69 15 75 33 33 83 45 13 96 78 8 13 26 60 47 47 58 54 49 79 89 75 95 4 3 78 5 
60 98 30 38 17 44 86 11 27 81 38 42 72 29 13 46 69 47 94 81 86 87 18 91 55 99 52 40 92 79 7 31 22 29 68 83 36 31 74 4 98 75 1 80 37 3 37 22 17 79 13 43 85 60 1 89 71 55 32 18 98 67 8 46 44 14 92 11 84 89 87 90 94 35 84 49 27 18 9 64 94 62 88 15 96 10 34 46 97 12 35 64 81 2 
50 95 49 34 83 62 6 15 73 74 94 52 51 97 54 22 22 53 26 61 89 41 96 89 21 91 53 97 15 36 98 26 79 44 18 19 81 56 20 50 12 8 89 21 4 26 19 27 35 59 29 66 42 40 19 55 37 48 22 35 30 33 66 51 83 60 93 28 0 98 63 54 69 79 75 22 28 6 19 1 71 19 87 52 20 10 55 36 18 72 33 50 53 61 
17 79 75 57 50 53 59 5 79 95 60 94 14 12 52 92 87 61 74 28 79 46 96 57 45 24 72 55 14 7 92 91 75 45 23 25 54 93 74 77 6 29 23 18 52 59 28 76 55 56 47 32 56 4 31 2 87 17 68 0 12 68 62 48 70 47 38 18 61 77 8 82 15 57 38 59 21 95 76 52 99 63 34 36 8 40 97 63 26 0 82 67 88 38 
57 63 41 98 60 23 99 89 90 62 78 80 74 16 13 79 97 79 20 18 63 54 9 63 0 67 40 91 99 29 13 83 2 53 43 55 17 21 5 30 62 36 98 68 38 62 9 66 12 38 94 14 7 91 72 21 71 40 36 71 10 78 31 35 67 4 70 73 6 93 90 16 72 35 64 87 43 46 13 23 6 42 45 6 84 81 14 87 5 0 84 48 5 3 
27 99 5 14 8 54 23 18 37 29 84 64 20 97 59 48 30 76 92 37 14 97 31 28 25 62 90 79 92 40 80 42 39 97 61 35 78 14 0 29 51 87 70 55 46 66 87 40 79 9 72 69 29 11 29 59 83 25 69 68 80 46 47 46 24 19 52 50 75 15 57 88 77 46 46 13 53 45 46 27 99 70 91 85 85 23 79 34 77 54 0 53 27 54 
42 95 83 44 89 45 35 20 83 75 40 87 97 45 91 50 36 78 15 98 56 31 63 62 59 59 18 91 39 45 40 67 45 48 72 66 42 24 1 57 27 59 15 17 39 37 10 7 2 68 59 55 36 11 21 50 37 97 12 11 29 34 6 47 1 35 54 14 73 79 98 42 91 91 6 58 4 27 85 70 94 51 47 42 47 14 55 32 0 1 26 46 55 40 
52 31 68 98 4 36 66 48 11 19 4 70 83 13 94 30 68 45 1 57 36 9 48 75 90 71 18 76 14 91 47 55 40 56 49 98 11 40 21 19 14 57 88 86 27 11 55 45 23 88 19 10 50 42 69 82 56 68 77 47 87 34 81 42 85 77 22 87 41 96 43 46 22 44 24 7 54 6 24 40 32 67 8 30 36 63 57 78 27 82 19 15 34 9 
74 68 22 64 42 83 73 9 8 61 14 39 36 7 79 29 21 12 37 25 24 9 6 80 9 2 89 57 99 48 36 32 30 52 26 98 89 99 29 62 77 63 9 95 41 87 76 39 16 26 73 44 84 10 79 5 41 78 44 59 21 15 70 57 97 81 60 37 25 63 24 65 92 69 22 74 79 45 47 87 38 19 98 95 55 32 30 98 46 11 47 63 78 27 
63 21 35 52 0 61 10 88 95 67 57 61 67 35 38 70 77 55 36 98 58 44 5 65 22 46 14 88 36 26 37 28 91 80 94 64 42 25 93 51 74 51 57 69 14 20 95 70 35 66 85 85 42 26 52 55 79 66 97 81 34 18 1 20 43 69 20 55 69 2 15 0 67 30 54 79 65 74 38 7 84 62 35 71 3 27 82 64 46 65 58 94 45 93 
67 70 33 8 2 25 4 28 84 87 39 83 52 76 50 85 74 20 40 76 11 52 58 53 78 24 48 19 89 50 17 60 43 51 13 77 33 92 15 85 42 62 69 43 81 2 81 94 48 59 77 38 18 53 81 78 48 66 78 80 55 62 2 64 6 11 60 46 33 16 90 41 91 60 22 33 27 18 8 31 6 50 45 0 49 96 67 30 49 32 82 53 17 43 
57 92 18 85 91 45 6 32 34 84 4 59 34 0 87 29 19 60 68 4 84 52 46 64 98 68 16 40 92 55 85 29 10 45 39 37 54 66 29 32 30 81 81 49 67 57 93 60 28 81 58 91 64 64 91 73 49 71 32 56 29 55 52 29 24 99 33 98 51 94 63 15 26 47 12 10 20 68 33 4 60 44 98 94 57 44 8 84 51 96 86 60 76 83 
78 70 96 87 57 96 21 34 5 67 2 75 74 99 16 11 23 36 48 65 56 71 7 63 76 24 98 70 86 27 5 48 73 51 11 79 30 49 8 53 94 18 28 70 10 17 88 99 6 87 19 37 20 91 2 68 74 94 27 17 13 57 5 67 7 81 24 79 9 77 67 61 84 95 71 1 52 38 66 72 12 3 25 34 5 98 61 65 14 57 78 22 68 91 
70 60 21 72 99 85 73 29 43 81 11 47 1 23 33 56 82 39 85 54 73 92 22 81 20 27 5 73 95 27 15 84 57 52 86 82 97 6 48 37 54 3 90 17 77 66 84 41 74 87 4 72 44 73 69 64 79 34 96 7 0 65 28 78 3 66 87 13 20 75 1 17 58 3 7 79 40 96 6 22 43 21 31 13 73 97 31 7 71 96 25 90 76 85 
64 93 51 38 1 38 92 0 2 65 22 56 42 16 84 1 12 7 13 98 97 92 76 64 4 56 96 26 10 8 48 94 60 29 47 91 68 37 80 74 35 15 94 73 89 50 96 50 98 82 59 93 61 23 87 29 32 58 39 35 18 17 34 74 99 29 34 89 8 40 62 22 66 76 17 85 1 53 75 67 36 37 22 17 91 77 78 3 85 54 95 41 47 31 
25 0 50 35 68 54 13 68 35 41 2 26 87 45 65 60 78 4 2 52 44 85 94 2 76 54 38 28 0 64 2 8 38 61 5 67 24 59 58 0 8 13 86 77 68 4 66 51 77 49 31 84 20 78 57 13 84 64 72 9 35 11 29 10 31 41 79 22 21 78 30 47 21 88 57 86 14 98 64 55 71 10 26 1 84 29 74 32 92 94 70 46 30 84 
56 93 40 81 87 17 14 89 74 37 42 21 63 52 64 43 28 4 92 38 68 55 1 24 18 47 44 76 87 5 66 28 37 15 17 14 61 73 18 42 10 49 61 13 55 4 19 67 16 38 40 24 26 15 46 33 3 62 61 66 46 89 7 21 43 9 64 36 34 87 65 36 7 34 78 36 74 41 34 57 26 64 56 85 7 71 45 94 10 73 32 64 87 92 
23 54 71 45 22 18 55 54 0 4 80 2 91 75 27 51 20 53 75 71 80 30 82 87 37 49 73 34 22 94 80 0 54 96 3 30 60 19 46 80 3 53 81 93 1 4 85 34 10 21 1 2 12 7 32 46 69 64 91 57 44 27 67 69 48 47 93 63 75 16 62 95 66 86 16 54 6 42 47 54 5 96 3 56 34 90 39 32 96 15 63 24 3 94 
29 49 54 33 9 40 14 43 67 11 47 75 48 31 18 5 29 34 3 46 9 59 69 81 83 0 23 92 79 26 4 98 89 69 52 9 54 88 24 11 19 37 91 66 56 20 28 45 51 62 34 68 93 15 82 76 42 96 46 56 58 66 47 56 78 53 42 53 81 4 48 17 97 28 27 49 12 72 79 9 99 74 87 81 1 85 70 95 68 63 59 33 32 83 
38 24 11 83 31 72 1 37 63 91 56 79 70 39 70 65 20 50 41 82 49 8 15 26 29 62 75 53 6 0 19 89 8 23 25 25 64 30 82 62 78 1 70 51 50 57 70 61 38 31 94 43 93 93 81 90 33 65 49 32 20 70 87 72 68 94 11 76 10 83 25 55 69 66 40 71 87 7 24 4 35 10 35 55 56 41 17 44 20 9 60 25 25 25 
13 98 28 99 47 61 46 89 50 5 95 83 99 54 41 79 9 55 86 54 61 89 70 74 63 43 47 65 34 23 3 82 80 2 96 4 76 17 24 18 23 50 39 17 39 54 95 7 30 93 22 87 96 96 0 12 28 94 83 45 55 69 88 25 41 96 21 13 40 89 76 15 69 23 24 30 20 30 79 78 31 88 62 69 63 94 64 95 71 89 40 75 23 21 
18 28 78 53 70 94 84 25 49 86 92 16 0 44 53 26 17 72 23 35 99 79 69 37 26 39 3 2 2 27 12 31 12 76 33 80 44 21 17 83 85 65 33 92 65 96 77 10 35 76 53 54 68 14 85 32 24 11 64 46 75 11 73 93 12 30 78 15 11 84 80 18 66 62 86 64 6 18 50 41 85 28 7 13 26 66 18 10 66 18 37 18 11 76 
3 75 88 3 52 65 66 36 67 20 23 90 26 9 48 2 2 92 85 89 65 67 37 20 54 90 83 42 93 98 36 46 30 32 86 5 79 35 80 73 99 63 48 44 9 36 95 88 72 45 46 62 26 46 56 92 87 91 14 77 30 73 47 55 87 83 54 63 47 91 33 11 92 56 38 81 51 46 21 74 58 93 55 98 71 57 25 77 71 23 70 30 64 76 
82 45 8 58 51 17 97 79 95 92 41 28 77 37 91 30 15 66 17 90 84 91 34 9 30 48 21 87 39 91 41 56 48 84 51 35 82 69 1 97 32 7 75 52 74 49 69 23 31 35 34 22 1 84 74 37 79 11 42 73 11 83 79 1 18 97 59 20 14 66 90 46 52 76 25 15 23 20 62 16 59 85 36 83 66 43 5 77 52 57 54 18 23 83 
60 70 65 42 64 9 26 38 46 90 21 32 71 57 88 84 93 24 61 64 43 60 30 54 67 79 95 68 13 65 71 54 56 26 97 48 16 15 59 75 17 67 69 82 65 35 50 4 73 76 22 67 85 89 55 23 74 88 29 29 71 87 58 79 23 6 32 39 60 14 96 92 31 17 55 11 63 99 91 57 87 11 40 41 31 68 44 2 44 39 18 30 50 6 
13 7 30 23 72 23 71 35 55 42 60 4 85 63 68 80 37 33 9 91 21 89 58 60 17 65 89 60 8 13 45 10 32 3 0 26 8 19 43 32 86 90 71 1 77 7 59 10 13 36 7 39 82 86 90 38 67 4 82 69 24 87 46 27 10 77 78 36 27 39 44 45 62 54 59 8 5 18 92 63 61 23 8 4 86 4 77 47 3 87 77 49 43 86 
65 42 41 70 30 89 22 51 47 90 0 69 25 12 39 57 99 35 17 45 83 68 80 4 70 82 24 51 23 70 13 70 79 56 14 96 36 3 35 48 6 27 34 32 94 23 82 72 3 9 83 16 73 40 31 18 70 72 29 66 11 83 36 6 41 57 77 47 97 63 79 22 80 7 3 84 15 59 80 43 85 97 30 16 84 11 14 65 81 7 50 51 15 21 
28 68 20 27 14 81 27 65 27 91 7 44 94 27 58 9 68 51 47 43 25 63 17 98 11 56 40 80 0 96 59 96 86 20 29 98 39 12 90 5 0 24 15 27 64 74 32 3 22 56 90 10 16 39 33 12 6 26 93 89 29 82 37 85 65 63 48 85 48 75 21 18 28 1 51 31 57 46 3 6 25 75 94 90 89 27 9 38 43 63 33 78 60 36 
46 95 71 87 57 15 67 61 55 22 0 11 93 68 42 84 23 86 45 78 42 31 1 26 8 58 82 87 29 23 89 39 27 81 1 99 58 35 29 35 36 93 27 71 74 37 16 63 85 98 63 0 24 72 10 25 9 5 69 19 58 46 53 55 82 68 82 26 40 30 66 91 12 26 37 43 34 63 31 19 62 90 78 33 63 1 15 52 75 40 15 59 50 91 1 0 45 30 99 17 50 0 15 1 16 
63 4 82 72 24 66 8 88 43 61 46 21 64 24 5 82 76 65 5 79 56 90 7 63 25 91 47 13 21 90 49 30 49 19 38 91 12 8 3 8 42 40 70 22 4 56 96 21 83 76 31 51 28 93 94 13 39 76 2 81 61 69 68 37 5 84 67 14 26 93 86 81 80 44 84 12 18 2 21 96 40 56 85 93 46 58 1 51 15 90 83 7 61 79 50 34 89 48 49 88 93 71 0 78 13 
0 54 40 45 81 27 14 62 55 66 98 10 50 88 29 51 97 24 17 41 77 27 23 54 96 68 5 30 62 82 60 80 39 34 99 9 4 54 59 1 0 33 51 53 92 48 19 18 82 74 97 87 35 5 39 94 95 71 36 46 92 29 55 37 79 0 75 86 19 89 51 72 90 87 38 2 10 64 97 57 50 26 93 65 35 35 92 32 94 14 16 66 89 55 18 97 51 9 16 56 90 55 70 66 17 
40 42 4 56 3 75 71 92 13 33 75 39 50 99 52 36 96 4 29 6 84 46 29 97 10 29 71 30 50 60 24 18 46 39 47 23 33 64 88 8 12 21 64 37 82 95 44 71 80 26 94 92 9 64 8 10 79 82 21 80 23 81 15 28 40 95 84 12 4 92 5 49 84 48 33 47 91 93 29 37 14 28 50 26 16 82 33 68 15 94 98 82 72 18 27 10 51 64 40 47 63 54 71 1 50 
36 30 5 25 71 21 39 92 74 16 75 93 68 19 78 26 51 21 88 82 57 27 15 82 63 87 36 62 59 6 91 89 50 84 15 60 72 25 21 80 11 74 43 20 50 24 59 85 24 15 16 20 26 36 38 52 31 49 81 85 70 99 64 43 86 20 37 89 64 0 81 63 48 23 73 62 17 34 49 50 9 34 72 82 40 95 99 31 86 81 58 51 4 83 30 89 64 55 74 17 56 25 64 74 95 
49 81 97 86 51 4 35 0 41 6 92 9 47 56 98 28 79 8 80 39 94 47 19 37 22 27 53 9 69 98 87 71 12 28 15 44 29 34 63 32 93 42 64 41 75 58 94 86 33 19 71 59 29 16 93 12 67 60 57 75 56 34 14 42 14 79 4 12 79 47 9 35 81 55 62 77 81 3 72 79 70 21 44 26 51 78 56 58 92 14 4 26 11 23 29 95 84 3 34 78 22 30 55 68 50 
10 11 29 45 65 93 60 64 98 43 58 97 74 91 13 66 17 9 81 67 91 92 47 59 83 67 71 7 51 37 34 74 80 59 98 34 42 74 79 24 5 59 45 58 43 52 13 4 89 23 23 42 85 45 53 15 29 63 0 16 14 16 5 80 41 10 74 50 49 79 61 93 74 4 39 20 7 12 93 72 63 15 87 20 3 46 93 4 93 93 83 35 83 46 41 30 9 2 88 31 74 4 91 45 93 
85 76 20 35 98 80 48 19 13 56 50 54 67 51 59 48 19 49 72 48 71 15 98 29 13 36 55 95 80 13 83 23 87 16 84 89 33 92 50 95 82 88 39 40 23 4 27 46 11 28 4 58 27 81 15 61 22 85 77 5 32 0 76 16 38 77 41 78 12 87 18 44 93 57 57 87 93 86 66 93 66 97 90 66 21 30 92 38 73 81 35 23 92 89 0 6 23 15 1 36 75 32 15 99 93 
63 18 8 28 97 68 65 66 92 48 28 51 98 91 13 27 8 52 87 86 29 35 24 65 80 63 74 62 17 80 55 28 2 52 91 15 54 58 52 55 20 43 70 36 5 64 22 27 48 31 72 55 24 89 25 95 0 58 57 20 31 85 25 20 62 73 61 39 42 47 50 27 9 34 0 52 83 75 52 61 93 5 58 55 80 39 38 93 62 18 46 60 71 21 0 28 32 33 21 98 56 16 89 98 31 
76 3 17 74 77 34 57 14 54 77 73 89 76 95 96 35 30 71 99 79 65 73 53 75 98 93 62 31 23 5 82 98 82 98 60 12 31 80 93 85 3 87 37 9 90 47 23 59 25 3 97 9 18 74 64 65 16 18 41 10 37 70 33 72 84 53 46 84 42 67 77 72 37 63 62 9 39 32 2 70 49 16 42 60 11 35 41 30 36 8 9 25 72 19 62 63 31 70 20 34 67 50 52 3 60 
94 95 41 61 45 48 58 11 15 15 79 9 19 54 83 45 82 42 42 15 30 35 31 95 49 50 91 15 6 67 45 58 42 63 40 78 41 40 20 38 47 9 59 28 58 39 47 37 34 99 43 12 42 18 8 66 33 63 70 40 38 53 94 25 16 21 47 11 33 0 72 30 42 17 53 84 24 2 28 38 68 62 81 29 72 95 30 4 16 16 90 14 95 31 29 78 6 15 28 91 68 47 34 77 98 
81 48 0 6 17 77 46 39 90 43 43 6 34 47 93 57 62 38 99 30 30 96 22 88 44 95 63 23 51 88 67 20 70 93 28 90 30 18 95 79 7 28 45 23 26 26 0 55 43 27 73 82 4 79 82 83 23 80 74 95 56 56 3 31 22 71 57 90 50 6 12 31 74 4 58 37 97 87 94 82 46 60 69 40 30 33 56 49 86 40 89 99 97 64 64 10 15 55 32 13 63 28 30 29 9 
7 11 96 80 93 23 60 28 74 85 69 98 55 24 56 88 32 33 42 32 66 90 56 50 74 84 24 41 84 62 92 18 79 71 64 81 11 64 13 11 58 38 95 33 97 91 12 99 41 34 56 56 66 52 6 74 75 4 33 90 59 38 32 17 7 46 91 40 66 39 47 3 41 66 82 32 23 37 98 68 44 99 13 40 68 54 77 29 64 35 69 46 19 67 18 0 12 8 43 60 10 50 86 19 95 
28 29 67 75 56 40 22 14 68 9 97 17 38 98 89 30 18 44 81 8 94 71 67 67 4 76 1 94 24 33 61 94 38 62 84 8 88 41 71 39 91 98 15 1 34 23 17 98 7 66 41 12 12 35 21 51 72 53 27 60 48 41 80 21 96 81 48 4 5 62 19 41 10 39 9 93 23 1 2 32 68 62 77 77 38 70 45 97 52 50 21 18 34 45 78 3 2 25 23 89 93 47 87 69 61 
33 58 33 33 59 54 41 39 26 41 69 72 5 13 11 64 76 72 4 0 3 24 24 10 95 79 43 96 47 13 52 31 87 44 69 59 58 6 20 76 73 24 5 70 99 38 72 88 49 55 24 10 47 80 49 31 4 38 29 92 4 1 72 80 26 71 57 73 94 6 71 69 16 66 78 4 16 43 86 51 73 54 52 51 5 68 62 70 44 83 66 53 76 37 19 77 75 79 65 85 65 41 22 98 0 
54 92 87 97 67 14 70 71 82 32 28 81 46 50 41 45 2 93 84 20 16 60 6 27 36 86 11 87 55 82 49 0 4 12 19 96 36 36 35 98 18 27 88 1 28 66 73 39 76 84 94 61 4 66 6 44 84 88 49 54 24 41 55 96 61 47 38 64 94 0 53 36 80 52 18 76 98 82 74 56 21 70 39 85 47 54 1 17 45 46 4 48 91 72 51 48 61 54 23 52 73 1 81 56 86 
78 88 10 73 48 71 60 33 83 16 26 81 10 69 75 48 71 4 55 43 34 39 59 72 95 0 16 24 55 40 26 94 73 45 11 38 94 64 61 87 15 99 17 25 98 50 83 69 34 18 28 48 97 96 32 22 97 16 51 83 51 47 34 39 34 80 86 51 54 35 40 14 80 69 34 56 4 26 96 69 23 42 99 98 14 49 43 55 73 34 69 46 13 37 57 6 90 77 54 77 75 54 39 99 29 
4 0 29 79 32 53 19 81 22 17 15 38 91 14 83 23 63 27 69 21 88 93 25 40 12 39 21 29 14 95 54 55 9 50 70 74 37 56 92 80 92 72 83 89 2 6 51 8 84 18 10 4 77 53 16 81 32 23 78 81 0 36 81 89 72 1 96 92 31 86 81 31 36 67 37 2 70 11 0 72 14 90 35 72 89 43 13 7 89 19 3 64 28 20 43 36 31 90 95 42 75 10 68 92 40 
60 38 37 79 23 31 54 77 42 58 59 56 96 88 3 37 9 9 60 11 61 92 80 32 51 83 94 74 87 49 96 61 25 29 21 6 41 44 90 17 86 57 18 19 39 72 71 84 15 40 13 61 43 25 87 67 86 73 70 82 8 54 16 66 40 53 96 67 10 90 87 50 0 92 99 53 63 72 37 87 18 77 90 74 44 29 59 80 46 23 63 45 40 85 98 67 33 54 25 96 76 18 57 57 30 
46 35 4 81 64 58 71 70 79 53 45 21 18 67 64 39 59 58 44 12 52 6 73 51 75 29 3 59 64 64 64 31 33 7 35 41 87 2 3 28 55 96 60 2 66 93 68 97 22 37 57 75 21 62 0 0 17 12 61 88 30 24 40 70 64 43 7 16 44 68 44 83 46 9 13 17 64 24 63 9 24 81 52 5 57 79 36 42 59 5 36 66 22 32 49 64 24 86 93 37 69 78 33 47 61 
32 48 31 6 8 48 50 2 48 25 39 84 86 37 33 28 13 66 70 93 40 84 77 2 61 38 32 53 11 25 13 86 19 93 68 51 21 75 19 76 82 62 96 28 23 34 91 60 26 8 34 95 42 54 58 93 14 38 36 48 94 24 49 52 93 96 78 65 49 0 70 35 0 56 42 1 93 94 25 23 81 94 91 43 45 8 59 53 1 14 39 88 58 55 41 86 6 15 29 54 7 73 14 34 24 
15 97 59 60 72 17 88 86 36 49 61 27 65 51 11 3 48 95 68 60 14 85 51 41 42 2 69 16 70 18 32 41 17 83 16 21 42 85 80 37 82 89 39 80 2 84 65 98 66 73 45 7 9 83 18 0 51 52 38 19 42 85 44 65 74 17 80 80 56 17 63 21 9 99 86 68 9 25 25 96 38 14 38 43 2 49 20 15 90 29 46 41 58 83 35 75 3 7 36 83 82 22 93 5 53 
36 48 17 30 21 2 3 8 18 73 11 25 52 32 58 82 13 97 96 27 1 52 5 84 46 82 13 48 31 51 67 29 41 59 85 75 16 8 65 55 1 81 3 14 98 21 19 80 21 37 24 61 99 54 50 45 55 48 77 10 46 46 48 22 13 0 47 1 67 8 39 73 89 54 84 50 2 55 51 8 51 43 67 52 9 70 84 33 36 5 73 44 53 45 85 55 97 78 5 3 22 99 76 19 28 
78 86 97 14 52 86 55 84 16 2 47 66 64 67 69 87 50 85 32 1 35 86 37 87 71 96 70 53 74 78 63 6 22 71 39 84 7 46 94 96 20 82 44 60 19 63 92 53 35 17 14 83 21 80 11 44 3 29 67 85 83 74 62 37 23 77 59 64 85 42 34 53 16 70 37 77 69 96 97 21 75 51 68 47 60 14 52 42 80 64 17 30 29 28 34 36 79 20 18 4 29 76 13 27 96 
43 62 12 28 83 1 45 6 8 60 37 26 15 69 70 12 53 60 91 18 1 74 72 93 27 75 48 44 7 54 46 50 20 77 95 19 28 60 75 44 3 44 61 2 75 36 41 30 81 99 30 58 40 99 29 87 46 3 29 23 88 57 55 90 77 84 90 53 43 52 57 23 45 78 19 72 28 24 24 15 52 25 57 89 94 93 32 92 48 82 14 82 43 61 44 45 69 80 75 92 1 96 55 46 90 
19 16 93 65 42 92 8 58 98 98 70 47 42 29 21 83 96 28 11 50 58 87 62 74 91 18 57 55 85 67 53 10 56 70 22 30 72 6 24 54 77 44 12 61 59 38 35 93 10 74 78 33 86 18 81 40 0 10 12 70 69 38 73 5 60 7 7 80 69 74 12 67 84 59 66 75 83 41 94 15 57 78 10 99 94 24 31 69 2 30 31 27 79 60 18 30 85 10 18 29 23 40 77 22 19 
48 0 72 60 88 96 28 30 44 0 36 45 90 98 33 47 98 52 72 24 74 48 59 5 90 64 30 91 24 11 79 47 41 82 11 85 49 86 31 35 56 16 73 87 55 92 36 22 68 23 95 44 36 22 48 93 50 34 5 37 97 76 59 16 50 34 96 95 23 39 5 29 15 89 7 15 55 61 94 95 70 48 27 47 93 93 7 60 28 99 74 12 80 68 51 27 41 26 7 81 29 11 21 52 53 
36 7 27 37 4 82 25 13 13 40 63 8 71 94 4 4 90 39 42 60 70 72 72 14 54 25 60 11 66 16 49 28 23 66 94 67 35 10 76 88 11 91 82 62 39 19 53 2 28 37 43 21 24 32 22 5 23 52 95 82 39 89 92 29 74 34 3 47 17 57 44 50 17 36 55 69 77 7 25 4 87 14 62 68 53 77 81 0 51 25 6 90 78 7 64 23 46 46 3 9 98 66 74 49 34 
38 66 37 92 13 25 82 39 77 99 24 7 14 93 76 47 6 52 82 77 29 89 4 1 77 37 2 93 86 10 60 23 76 94 3 72 35 42 62 41 71 83 96 60 47 1 36 86 8 48 45 64 34 28 73 16 98 21 97 82 28 66 50 41 51 16 90 14 2 35 35 75 3 8 97 5 93 11 69 46 67 59 28 36 41 16 75 95 41 22 48 95 74 29 61 75 44 71 46 51 76 78 23 63 7 
20 68 80 41 33 78 90 44 42 14 42 71 84 72 87 33 40 67 66 15 88 28 49 45 61 73 39 74 35 75 97 19 40 23 42 86 74 10 67 44 29 8 66 50 94 88 99 21 34 85 75 28 8 84 37 40 39 58 3 51 2 88 67 89 18 89 65 68 57 58 80 44 4 48 93 27 36 58 57 69 18 13 3 30 8 78 74 91 32 2 28 94 65 3 49 98 28 28 8 42 30 53 76 14 58 
58 6 48 2 24 11 99 13 61 40 34 25 21 9 90 42 15 41 39 55 75 52 14 41 32 42 28 14 92 38 27 55 67 6 34 67 19 47 14 36 92 98 88 40 63 92 82 92 3 63 73 54 25 89 98 27 67 76 79 64 76 9 82 77 59 92 53 19 29 30 0 99 16 4 89 24 7 66 25 10 51 60 88 47 74 29 48 35 36 39 36 62 25 48 97 83 66 2 5 0 21 50 93 27 57 
55 30 27 2 41 4 84 80 85 56 62 14 21 92 93 11 37 86 35 59 82 69 58 0 28 6 23 77 14 64 6 77 33 16 46 94 14 43 35 33 54 29 39 25 72 15 49 78 95 9 8 37 4 14 85 56 68 54 76 89 98 18 3 8 90 79 92 43 31 31 47 56 53 19 44 9 12 12 77 20 79 62 10 76 67 9 67 44 56 80 49 13 81 94 52 33 39 12 81 90 8 64 83 12 79 
45 13 40 13 96 25 90 27 6 91 96 7 92 50 79 58 25 71 92 39 28 96 74 62 62 89 13 66 70 81 96 1 50 71 22 22 59 94 42 1 59 8 18 27 6 28 97 20 75 82 47 57 0 65 95 93 3 15 60 45 65 40 98 70 50 71 60 63 76 3 25 50 49 48 65 48 2 80 30 31 52 14 19 45 53 97 35 81 41 36 23 1 13 32 5 32 40 89 56 38 74 79 43 57 99 
14 37 13 97 57 34 85 94 88 91 88 2 48 92 21 42 7 26 71 87 26 14 8 92 70 15 17 44 17 5 95 76 57 84 59 57 65 82 99 63 74 34 30 96 57 97 71 49 54 77 79 90 7 42 1 65 61 32 22 29 22 86 62 97 58 4 4 13 61 89 88 3 23 81 0 43 30 86 68 57 1 74 31 61 41 67 27 83 78 73 94 73 92 30 29 45 1 18 35 15 66 18 93 96 85 
9 78 89 69 62 90 97 90 94 76 72 34 6 72 63 45 64 97 7 64 94 53 43 29 67 66 88 17 97 18 91 6 50 11 86 66 27 71 60 6 55 48 70 44 64 27 1 17 96 24 75 41 72 36 77 81 17 40 11 84 26 73 33 68 27 81 20 45 1 0 66 20 13 1 8 13 96 32 10 6 73 23 34 99 65 29 30 79 1 16 58 27 66 5 19 15 57 8 63 73 74 91 94 2 63 
6 20 25 0 18 61 42 79 68 27 41 65 57 98 16 59 0 14 5 44 63 59 53 13 80 99 41 28 56 38 36 64 56 66 84 99 67 60 96 20 48 48 49 91 86 54 50 25 34 30 93 51 16 52 61 31 8 15 87 95 55 4 46 51 74 3 93 90 65 40 37 18 49 61 88 69 98 11 6 60 2 6 76 80 85 50 4 25 23 19 59 96 49 38 84 13 75 9 33 51 35 93 74 98 7 
60 92 23 46 36 58 68 34 87 61 72 5 32 87 52 52 9 2 91 50 29 26 25 36 99 5 29 76 67 35 11 15 40 30 48 83 21 77 20 55 30 72 15 95 69 95 5 82 36 76 21 51 32 86 47 82 20 70 1 32 44 20 9 80 5 22 75 62 28 73 38 9 49 60 41 7 91 42 71 12 71 61 32 49 59 59 8 82 41 2 74 35 52 21 61 69 85 46 60 24 78 8 67 16 61 
35 42 85 30 96 32 61 58 46 21 12 51 57 89 47 24 60 90 81 23 18 66 48 48 76 13 28 35 75 6 4 58 74 57 25 56 12 47 30 87 25 36 12 10 58 48 0 46 90 17 72 29 46 41 3 87 74 31 87 2 33 89 42 52 58 88 51 29 0 32 19 87 40 70 36 93 41 84 6 29 50 79 9 58 59 96 99 91 0 89 20 44 18 14 94 75 31 46 65 16 16 46 66 68 57 
73 44 16 7 65 28 18 22 58 82 14 26 7 55 98 71 20 5 66 17 67 49 6 29 30 44 35 8 77 39 88 21 30 0 4 31 89 74 58 42 46 14 19 44 17 30 65 72 82 61 92 28 14 3 16 97 37 4 41 92 25 30 14 1 65 19 99 32 43 62 34 8 13 69 73 97 13 3 74 45 2 84 42 38 67 31 90 98 82 12 39 53 13 97 59 22 8 43 10 55 78 21 79 60 10 
47 59 70 86 27 31 92 68 67 59 27 63 86 46 34 1 0 1 23 96 65 18 12 23 23 38 82 86 48 69 5 5 25 1 62 1 11 56 56 73 9 30 95 63 24 54 71 73 78 34 93 81 7 37 76 72 82 29 17 25 67 54 83 48 98 97 84 5 56 41 19 39 88 3 15 13 84 33 29 41 71 5 77 60 11 39 67 93 79 36 20 36 34 37 35 7 63 40 95 34 83 26 60 5 53 
19 22 1 84 30 39 86 97 85 8 80 76 65 24 34 39 94 84 0 56 58 15 27 50 68 51 83 73 0 71 17 73 5 50 67 93 62 72 12 65 72 40 89 43 39 74 59 63 37 59 49 57 59 80 93 92 0 60 16 35 41 11 3 3 92 47 21 46 69 87 16 17 61 25 25 61 75 66 55 94 53 98 91 16 43 16 97 9 1 77 16 82 54 41 29 63 77 61 74 15 46 6 97 30 62 
57 16 86 29 80 79 18 50 42 22 72 92 61 53 73 92 61 20 42 69 51 84 82 64 38 2 74 15 53 18 29 33 65 70 87 99 38 88 29 20 56 69 54 33 31 94 98 21 83 62 99 8 88 75 88 90 16 74 23 82 44 49 71 60 39 9 79 1 62 18 77 37 98 94 17 29 93 57 3 65 79 54 93 97 32 18 88 91 98 45 59 83 99 54 76 42 53 70 89 83 53 64 75 82 41 
22 44 9 27 34 96 8 27 5 51 63 69 10 5 74 29 7 52 96 82 12 89 63 63 1 21 64 24 21 44 31 97 59 35 39 8 39 91 55 64 22 99 22 61 21 61 94 67 45 14 76 83 35 4 25 92 59 81 69 13 18 39 84 46 42 86 60 56 97 49 59 58 82 29 10 5 99 3 16 58 84 79 18 50 85 72 39 33 74 88 76 94 42 26 40 81 54 68 67 58 46 87 2 31 5 
28 85 94 37 51 7 55 39 52 46 26 65 5 97 14 73 74 25 90 89 26 7 5 64 75 69 24 49 36 57 19 37 18 38 58 50 76 61 45 99 94 14 35 2 50 53 47 11 15 92 0 6 2 77 99 58 76 84 16 52 47 5 5 53 3 63 8 29 86 56 26 83 36 21 74 76 61 77 93 57 89 97 62 55 2 8 93 11 73 15 85 4 86 1 3 70 76 26 88 42 66 82 79 9 15 
62 16 59 35 49 88 46 43 92 16 99 29 94 44 23 83 63 47 60 49 37 53 45 11 3 80 48 84 9 88 93 88 3 18 11 46 1 1 57 88 21 54 37 59 95 8 73 24 46 55 82 67 1 26 6 51 87 36 92 12 75 72 40 92 35 62 38 4 7 98 37 31 98 10 88 64 74 25 59 9 25 49 47 62 29 95 47 93 56 97 96 34 41 18 87 44 52 40 71 43 95 48 14 2 75 
85 38 69 0 23 56 18 98 85 96 32 7 48 56 90 39 99 81 64 40 78 91 1 80 3 78 64 11 94 82 56 78 55 19 14 16 72 35 51 27 90 94 72 5 18 2 42 32 14 70 42 25 2 93 77 7 11 66 45 74 31 77 61 60 27 95 51 15 48 30 4 29 10 16 35 73 54 73 45 54 44 3 78 31 26 29 3 50 4 67 92 37 70 21 82 60 70 42 29 98 15 88 75 60 24 
75 70 46 22 38 81 58 2 76 59 90 94 23 96 81 37 13 56 59 44 70 80 62 33 85 53 66 90 66 42 15 79 8 53 66 71 12 22 67 39 22 63 9 57 66 99 22 92 13 47 96 27 26 16 31 34 96 93 75 60 80 75 47 79 6 40 28 34 98 25 91 59 29 73 30 11 83 79 86 4 50 98 60 5 18 19 0 15 86 18 50 44 12 84 5 18 46 88 79 82 5 42 17 94 22 
56 17 69 17 49 86 56 55 2 65 97 65 4 36 31 20 69 38 98 54 27 53 37 18 14 69 24 41 54 8 29 45 66 80 94 71 86 11 50 47 72 2 35 16 77 46 72 30 40 3 9 76 1 56 86 79 23 57 6 28 30 91 42 90 39 78 34 99 72 93 82 48 15 39 53 73 97 40 59 50 55 63 26 7 95 7 38 24 3 13 41 56 56 56 39 17 30 75 89 77 17 6 91 61 71 
4 4 52 37 43 70 9 43 30 78 77 25 34 7 11 37 40 85 60 85 82 26 95 24 72 82 83 46 89 9 75 89 32 5 29 30 95 81 65 26 43 29 38 48 70 92 45 48 89 6 20 7 92 78 16 5 85 2 32 39 80 3 1 19 79 59 83 98 97 83 31 76 4 21 65 46 49 14 3 71 21 19 37 8 54 91 2 46 57 50 45 79 65 34 82 67 36 61 38 73 59 31 13 81 75 
30 87 17 79 6 15 45 39 83 4 93 65 57 37 96 92 77 12 8 86 44 68 42 46 65 20 38 49 46 58 60 47 38 25 36 75 77 7 46 63 32 36 15 87 21 32 40 20 82 56 59 55 21 24 14 39 89 1 19 33 22 14 59 91 51 88 48 31 18 27 33 15 80 66 11 12 3 16 85 6 30 56 93 74 72 42 81 61 67 18 12 97 82 86 66 55 16 26 69 59 34 22 65 18 51 
87 82 4 93 79 64 3 65 9 6 20 90 19 93 42 48 95 53 36 93 35 89 31 5 87 33 14 93 57 86 35 34 66 59 51 26 56 35 3 6 80 70 56 64 61 87 35 30 23 0 29 35 89 55 41 14 20 86 11 78 9 39 7 7 24 35 54 93 90 92 3 90 60 15 19 28 25 41 62 78 33 45 45 86 39 25 82 36 70 18 69 25 16 52 51 72 56 98 56 2 70 24 63 57 55 
6 12 66 86 27 51 9 78 72 7 13 81 36 92 26 12 87 97 97 59 15 21 62 41 71 9 45 85 48 23 22 44 8 73 74 67 70 50 57 66 88 40 78 16 73 85 90 98 59 16 58 36 31 57 85 16 33 72 94 60 32 25 22 59 30 21 53 57 52 36 86 7 82 84 27 79 38 77 1 11 1 12 2 1 30 62 27 10 12 1 1 27 7 1 13 88 10 98 97 78 16 90 67 71 30 
10 30 78 91 19 59 69 87 60 9 37 75 41 89 92 70 30 88 38 39 37 76 0 67 20 25 41 22 81 4 17 69 20 44 24 95 57 16 71 44 14 21 4 2 99 76 63 24 73 93 95 18 14 15 58 53 61 84 31 47 76 60 47 62 26 16 67 47 57 25 23 77 40 40 29 75 12 15 75 22 77 35 35 31 2 96 10 31 9 38 30 82 43 97 73 8 73 4 75 49 43 34 58 71 22 
95 15 71 20 28 36 94 45 5 5 79 30 40 4 58 88 78 59 15 26 99 46 39 67 84 83 89 45 24 59 81 97 88 79 32 72 19 50 62 73 98 96 93 20 99 50 17 78 20 41 48 3 5 35 38 29 67 79 95 5 95 29 26 93 99 32 4 20 66 51 70 86 0 42 91 50 63 34 59 62 31 64 81 37 71 66 87 85 93 80 44 93 78 44 10 17 27 72 85 6 54 44 26 61 58 
58 35 90 13 24 54 91 83 32 4 37 53 18 42 95 1 62 15 43 58 90 43 47 78 46 84 24 10 25 18 46 71 83 62 67 19 6 42 64 37 62 47 98 0 61 96 86 43 26 19 20 30 96 73 54 87 40 16 89 2 38 81 20 52 73 78 72 85 94 94 11 86 30 46 90 94 46 98 16 43 33 73 92 68 61 25 29 38 48 44 63 49 78 10 40 27 56 14 98 19 81 16 18 88 44 
4 84 75 38 36 16 55 41 89 38 6 6 24 21 63 24 28 12 65 91 24 0 37 71 12 94 63 86 46 88 43 67 52 73 80 28 16 26 63 76 65 50 9 49 62 25 86 2 23 67 61 85 87 77 72 87 34 0 48 10 70 78 35 7 37 38 9 68 86 5 4 69 65 8 95 93 18 98 52 83 38 86 32 48 83 8 26 75 73 97 23 75 65 56 35 1 11 23 70 56 6 24 76 90 85 
12 54 9 14 29 95 92 43 37 74 57 57 60 78 4 77 27 94 24 24 40 21 31 39 74 29 16 25 9 69 97 69 99 56 83 8 66 26 2 26 93 52 0 60 10 1 99 69 90 89 18 52 10 79 25 70 36 99 94 77 3 77 17 46 57 37 84 62 0 61 73 84 65 12 91 55 18 41 64 64 83 57 98 9 91 20 58 93 6 86 67 45 78 83 51 65 43 15 97 56 96 42 80 46 88 
50 31 16 46 77 33 96 13 0 21 85 3 43 93 49 30 53 39 19 47 34 74 64 84 72 56 24 52 1 73 11 16 38 98 17 44 84 26 77 54 67 47 6 25 47 40 45 96 69 66 17 92 55 56 93 70 91 22 82 13 21 84 38 28 11 8 14 77 60 59 1 2 71 89 48 84 5 43 73 78 10 21 54 4 45 51 36 69 82 2 22 78 22 65 2 33 3 67 58 35 54 95 90 57 21 
7 28 26 89 5 61 73 8 90 27 69 51 70 26 18 17 44 96 96 93 49 46 26 17 47 27 76 32 71 92 54 65 59 85 52 97 32 64 3 58 92 32 51 77 15 85 87 99 17 30 6 27 93 12 23 24 42 4 41 62 50 70 25 57 41 95 75 22 33 3 56 97 83 36 36 73 86 72 87 21 87 8 32 15 6 26 87 62 73 64 3 84 93 75 57 14 68 63 4 35 15 23 57 56 54 
95 60 69 12 14 17 42 41 24 81 12 2 46 85 81 82 99 3 3 18 97 88 14 23 6 60 99 70 90 20 72 90 98 72 64 1 36 3 74 48 65 86 93 96 51 24 27 46 93 70 19 86 19 67 53 22 56 86 82 43 68 74 39 32 96 31 95 46 2 46 31 27 38 83 61 24 10 64 70 78 72 74 15 3 56 85 63 11 99 37 73 28 40 16 45 54 0 74 82 75 68 47 12 23 58 
78 74 90 15 65 29 49 39 51 32 31 9 90 63 16 61 98 60 66 97 26 73 76 61 35 19 64 30 14 14 0 14 67 54 28 34 14 63 86 50 37 88 43 84 94 90 91 91 86 88 96 37 71 98 33 30 40 54 69 72 22 35 68 28 41 75 47 60 93 82 85 64 52 35 41 15 16 60 21 62 11 33 34 49 10 98 1 35 65 87 25 37 65 22 62 76 89 99 94 65 22 16 29 90 15 
42 19 44 66 31 1 17 12 40 0 6 39 85 27 59 82 38 36 55 46 3 8 35 85 90 82 5 20 86 58 71 1 88 31 64 9 6 65 36 23 26 91 14 87 73 45 15 44 65 60 96 68 25 58 85 57 87 57 9 54 28 77 39 23 23 16 9 3 28 30 31 12 48 60 54 78 94 45 35 1 92 19 67 39 95 50 81 88 74 2 84 66 53 65 29 86 42 50 4 78 32 21 83 93 14 
25 72 87 68 7 86 66 21 33 29 43 82 16 42 6 24 38 55 71 58 87 44 79 36 41 27 51 73 97 0 43 76 95 31 43 31 51 72 15 87 52 8 81 35 13 97 61 40 17 19 63 78 32 72 46 97 0 25 52 85 80 52 69 14 40 52 41 71 86 42 39 97 63 86 80 83 82 27 41 60 96 96 86 93 79 6 89 8 15 56 58 20 14 8 13 11 31 28 22 62 59 92 97 8 37 
78 79 23 24 90 21 9 75 10 47 59 57 81 6 63 99 1 96 29 29 98 34 27 46 24 19 61 76 69 84 31 26 86 84 86 52 50 55 19 33 94 74 31 30 37 17 37 99 43 68 92 54 27 52 96 91 35 60 85 90 0 77 60 61 7 78 67 43 22 41 45 86 64 33 18 89 37 4 77 2 17 96 26 8 4 86 88 50 80 11 54 32 59 23 29 98 26 18 9 72 62 83 11 39 59 
25 94 0 49 90 8 20 68 37 74 42 23 93 45 98 17 35 91 26 47 39 82 22 65 46 87 71 99 64 84 24 20 82 28 63 12 48 74 40 85 97 34 67 69 88 87 82 6 4 96 46 14 38 13 10 85 0 8 48 95 62 97 39 53 64 30 86 66 89 10 35 64 53 24 64 19 23 63 77 62 4 73 55 67 31 83 38 23 10 54 65 56 11 60 42 18 3 71 69 52 37 56 63 67 41 
47 62 86 15 7 20 85 2 40 65 22 71 94 32 47 47 88 22 51 97 98 54 17 19 8 61 11 34 77 88 36 65 13 57 92 59 68 57 58 45 98 19 31 27 69 64 4 9 95 8 31 86 40 18 60 92 91 70 80 0 72 83 57 24 82 55 31 17 86 9 21 74 36 33 22 94 80 92 57 65 17 61 48 12 5 22 28 84 34 78 59 10 62 35 49 13 14 63 66 85 52 97 69 24 55 
49 79 34 34 25 17 94 36 48 83 39 57 57 83 75 46 8 88 2 46 2 82 69 52 35 15 30 55 70 90 40 38 23 4 94 53 75 34 60 83 62 46 14 48 18 36 25 20 46 14 57 20 89 56 41 52 78 29 62 8 52 63 28 46 88 62 56 51 24 35 1 86 25 79 32 88 93 48 57 26 31 18 40 90 39 77 7 50 42 19 90 74 25 85 49 73 37 83 84 45 71 25 16 25 73 
59 2 35 87 40 99 98 88 47 3 58 12 69 22 88 19 86 51 42 88 44 90 61 16 71 64 84 14 98 44 10 7 7 29 65 52 37 22 19 6 92 99 98 44 81 60 62 0 90 24 30 88 53 63 45 0 12 3 76 36 29 47 67 99 17 74 26 67 50 19 83 58 76 67 97 40 18 41 77 35 46 77 34 42 72 97 62 30 49 45 31 95 99 90 6 35 56 17 98 33 60 17 61 2 17 
99 33 8 70 62 60 17 68 82 53 64 89 80 10 52 49 26 11 78 91 98 66 42 2 78 45 33 93 1 46 37 64 8 64 70 5 73 8 54 65 52 39 52 73 26 82 88 52 4 57 71 92 52 74 86 64 35 98 9 27 73 26 95 46 5 90 94 14 47 65 65 28 41 23 65 97 54 34 71 20 74 16 13 77 29 47 33 0 62 70 86 12 0 3 22 69 69 9 30 62 56 28 74 39 24 
46 87 60 27 33 63 7 36 80 36 31 86 99 68 63 10 45 22 97 93 95 84 79 20 10 62 52 11 61 41 66 2 97 96 99 78 32 41 12 18 40 59 47 0 86 71 68 97 27 63 40 37 36 93 25 60 90 58 70 99 85 66 92 24 9 65 43 29 82 3 33 1 72 32 63 88 82 34 86 71 92 30 4 94 10 57 22 66 42 12 42 95 30 80 7 64 43 40 96 3 40 67 17 80 33 
48 97 52 70 75 55 83 50 77 73 48 89 40 29 94 0 48 24 99 40 12 4 57 25 15 68 49 43 46 36 30 58 13 93 96 49 91 35 51 29 50 25 84 99 59 19 72 81 60 94 77 28 27 22 2 35 32 42 88 27 40 12 6 33 14 88 23 64 90 68 48 74 69 6 46 5 84 42 30 5 32 15 26 29 30 20 9 46 67 46 91 69 43 72 14 32 26 54 68 84 4 37 29 82 39 
39 29 41 84 44 12 90 37 85 22 70 24 34 23 76 42 49 77 68 68 89 20 68 61 42 17 68 90 56 58 51 79 83 91 29 89 4 70 48 8 54 77 94 20 39 5 76 6 46 60 12 61 8 53 93 36 67 95 7 70 94 3 91 58 48 95 63 86 57 92 5 71 67 44 71 99 74 49 10 0 95 13 40 35 99 66 94 38 64 93 81 46 66 69 32 42 10 4 4 20 69 22 64 50 27 
16 24 1 36 42 80 41 70 53 87 20 95 61 68 67 56 14 19 22 49 46 26 37 31 77 56 57 54 59 87 81 21 19 18 2 85 59 85 73 44 31 81 19 83 45 68 90 75 56 12 66 19 4 75 62 77 79 84 41 6 70 77 37 99 74 4 92 19 21 84 71 28 52 46 74 8 15 41 45 54 51 56 13 91 66 96 67 60 39 55 4 33 64 50 59 13 72 9 30 2 10 32 1 95 45 
47 2 84 26 20 93 27 19 9 77 30 72 74 43 78 36 62 17 47 71 60 36 34 23 16 99 98 21 86 71 60 97 22 92 2 26 19 31 62 50 64 34 59 86 53 34 16 44 89 38 93 19 34 36 82 19 68 73 50 99 17 58 28 77 22 54 3 50 45 91 58 5 35 64 43 73 19 80 79 43 35 61 46 55 51 36 16 22 10 11 6 57 46 68 57 95 71 4 82 6 47 12 96 9 21 
19 28 72 19 2 89 89 54 41 14 71 99 77 58 93 79 33 84 97 7 83 80 6 98 66 50 46 49 47 65 98 52 30 82 26 83 52 35 99 69 83 90 41 24 88 43 65 61 51 36 51 56 72 46 83 38 31 29 40 53 36 81 76 72 79 78 51 75 15 70 86 63 98 47 45 43 98 18 54 66 9 58 67 3 92 28 11 92 55 65 62 63 49 52 44 84 98 69 60 85 49 46 24 25 42 
97 1 65 54 5 91 86 81 78 58 10 82 48 16 31 78 65 15 26 37 38 75 39 29 31 43 10 8 62 12 35 92 96 10 73 31 77 66 88 0 37 51 58 49 75 98 89 1 40 32 13 94 95 77 18 33 54 33 20 46 97 42 80 9 92 61 86 20 46 40 21 6 17 81 87 24 14 63 82 5 2 26 78 36 11 95 41 29 93 84 59 87 44 24 60 86 13 80 13 68 88 78 83 14 32 
27 65 44 4 77 36 34 4 47 87 86 87 67 22 83 44 64 56 22 99 85 9 16 50 37 1 61 29 65 45 65 60 79 59 97 49 67 77 65 25 37 5 69 87 78 90 64 21 42 48 25 21 79 68 18 22 93 64 63 64 88 88 72 54 46 15 49 57 53 18 30 93 73 98 4 98 97 86 68 7 28 65 59 92 93 41 49 47 65 58 96 55 49 25 33 67 93 51 76 7 51 99 95 20 65 
56 98 99 75 23 32 51 38 72 43 28 64 85 81 12 95 94 64 41 51 9 10 24 58 26 46 93 51 94 40 17 60 77 96 52 28 92 89 43 12 33 82 41 54 94 75 22 87 93 11 45 63 44 15 86 32 59 34 6 10 65 26 11 11 71 68 77 82 4 65 0 3 36 94 9 89 13 70 87 47 83 75 0 10 35 49 18 29 72 9 68 35 96 33 25 59 26 8 80 50 54 73 51 3 94 
43 60 75 7 68 79 30 12 16 28 73 29 26 60 36 14 14 26 39 88 76 49 51 69 79 76 44 89 93 89 7 92 43 53 47 25 32 12 15 50 14 41 79 45 3 35 95 21 15 7 67 63 98 2 26 31 4 57 49 87 35 39 6 99 29 25 91 29 31 98 69 31 80 93 0 6 4 45 16 9 43 81 91 26 1 2 46 82 97 6 26 27 60 14 11 28 80 8 63 54 22 79 45 65 31 
85 69 72 29 86 82 28 46 96 28 2 28 37 18 63 81 85 4 29 5 46 80 22 4 48 89 52 74 0 58 78 54 53 83 17 43 65 55 13 26 88 54 73 5 26 80 84 54 69 97 75 36 39 44 31 73 82 68 52 26 85 95 63 57 11 83 19 2 75 86 92 68 7 95 81 16 63 55 53 54 46 80 70 39 10 96 82 14 9 25 10 26 95 29 47 9 44 73 62 8 80 14 54 21 20 
99 49 15 54 65 91 66 84 79 93 92 48 9 87 86 85 27 22 60 96 54 47 25 48 92 61 6 57 31 70 93 64 91 94 13 59 74 10 80 46 57 19 75 54 94 94 41 61 15 8 41 82 75 95 96 57 23 11 47 28 39 47 46 29 93 17 63 4 67 74 76 90 96 32 60 32 42 47 78 61 51 27 98 5 69 68 28 43 56 54 40 48 48 18 2 14 98 26 71 57 65 15 40 52 21 
81 34 32 4 31 64 77 69 52 87 81 69 37 99 76 2 84 13 28 80 94 6 26 8 10 36 56 86 83 97 48 71 26 22 76 28 88 96 50 79 44 84 74 99 41 49 99 68 98 4 93 79 17 88 45 20 28 12 62 8 74 72 43 65 33 72 74 59 52 62 47 2 51 9 0 77 29 17 86 64 89 76 51 0 6 98 56 18 45 89 30 22 50 43 98 93 99 52 15 65 70 71 91 62 73 
38 10 14 98 31 78 8 80 53 18 15 52 18 27 36 40 52 50 33 11 9 14 70 35 88 25 71 81 55 62 25 28 40 74 80 84 25 72 86 87 26 84 66 79 90 94 87 23 18 82 48 49 3 37 89 78 49 85 60 90 13 38 52 68 10 67 40 95 55 44 73 29 61 98 53 35 66 68 73 99 34 15 72 17 54 56 70 97 42 83 34 78 32 52 11 80 86 2 96 9 57 50 12 44 13 
59 93 14 17 40 37 80 48 89 21 11 42 20 94 81 53 30 38 56 31 99 88 15 24 87 68 60 93 5 58 43 14 9 51 30 65 87 99 75 9 47 85 61 4 33 46 6 30 33 31 3 41 20 74 88 18 93 58 7 44 24 86 53 36 0 10 47 6 76 26 53 92 92 35 5 88 92 62 72 39 95 51 18 20 1 75 5 30 50 34 3 30 99 90 30 21 45 2 18 2 3 0 35 79 94 
47 7 27 2 39 51 19 42 55 99 80 29 19 0 14 32 88 28 31 35 86 37 93 60 41 99 66 12 4 1 50 87 33 12 90 4 86 94 55 68 80 83 68 11 58 72 92 51 50 95 54 10 33 1 77 2 23 49 14 41 80 0 7 57 19 5 31 66 70 56 88 9 56 37 37 59 84 85 4 50 65 99 53 73 26 10 73 68 88 63 88 9 79 72 25 37 91 10 49 89 49 55 95 32 18 
98 15 24 55 83 57 38 5 2 81 33 87 48 94 35 91 71 39 37 7 99 90 54 22 95 52 66 77 87 29 50 27 44 16 45 65 34 83 11 7 97 62 24 29 7 11 6 76 57 68 63 15 56 63 69 46 63 50 67 50 2 27 67 17 47 79 4 12 45 72 67 76 30 95 26 75 73 39 83 83 68 74 94 45 79 32 70 39 20 72 74 5 14 73 48 1 33 39 6 4 56 79 83 63 10 
12 3 62 62 47 32 2 15 90 36 84 25 95 57 75 2 48 47 68 60 65 14 11 40 72 91 81 57 78 80 19 38 8 70 12 50 71 12 16 75 96 5 64 6 72 19 80 78 62 28 48 56 36 42 15 79 12 26 0 56 66 49 25 44 8 32 94 85 31 90 28 15 1 12 79 9 26 82 0 64 22 97 11 8 9 50 79 89 12 59 15 52 28 59 85 2 96 9 84 69 42 12 2 34 46 
60 59 45 58 72 56 30 89 99 23 86 64 12 88 7 61 63 74 57 92 54 20 90 54 97 16 33 76 58 95 11 77 10 6 67 14 38 43 12 57 26 91 88 22 39 16 35 39 64 24 78 71 49 76 59 94 29 84 40 77 16 54 88 74 9 24 13 9 8 5 62 46 60 14 25 77 70 15 81 77 13 39 56 46 31 74 49 58 86 46 90 97 48 4 5 67 38 85 84 17 58 75 39 46 89 
79 56 27 74 1 70 66 96 24 98 16 42 63 85 42 9 74 36 97 94 12 57 6 81 56 43 31 14 52 71 21 57 53 1 24 44 78 1 36 83 73 16 70 46 85 15 55 41 70 6 62 33 80 29 0 40 93 68 15 60 65 22 91 18 59 33 48 14 20 19 83 25 35 77 20 9 31 86 81 67 73 74 33 23 75 67 94 90 31 13 62 79 20 80 19 23 10 19 25 33 53 71 1 24 91 
3 37 94 28 89 54 62 67 39 42 97 22 88 20 32 36 72 38 61 56 63 64 16 71 30 83 24 50 71 47 40 50 62 95 72 22 27 51 17 25 55 51 57 2 82 45 99 31 43 87 39 75 89 56 19 10 64 3 28 35 9 26 30 55 98 39 59 49 11 13 79 73 41 93 68 4 95 88 81 45 64 22 75 58 51 68 53 23 15 85 78 54 2 88 12 95 60 95 4 61 29 52 14 84 46 
1 28 34 27 31 12 32 22 45 63 58 14 60 64 49 20 91 15 59 56 23 37 25 76 92 78 32 42 24 9 9 66 58 14 88 73 64 61 15 57 24 49 99 42 0 14 46 74 36 23 35 48 41 20 81 6 22 20 26 71 22 96 36 13 54 67 19 55 52 38 14 35 72 77 76 0 75 92 13 46 60 87 68 11 41 85 96 18 58 58 28 92 80 9 69 64 32 20 83 57 72 51 96 43 94 
49 39 62 31 75 29 98 47 11 63 42 3 12 16 45 33 43 68 62 11 57 94 46 94 77 15 88 46 65 20 21 76 37 20 56 50 96 92 25 75 81 37 1 83 7 96 77 7 15 67 65 88 52 24 5 98 99 84 17 42 64 19 16 94 62 64 1 29 48 95 92 67 37 11 3 63 95 34 15 14 3 28 53 30 73 26 75 62 59 82 17 96 36 58 69 72 47 60 44 73 29 33 82 17 90 
93 63 69 7 83 89 4 46 39 63 29 78 74 84 10 26 45 5 22 28 95 74 86 18 83 3 49 38 87 81 35 40 47 98 82 98 92 53 34 5 59 50 92 41 10 87 44 31 41 63 66 35 57 73 45 39 63 27 81 87 32 92 34 1 9 83 40 97 88 28 56 2 27 69 96 82 70 63 34 8 62 94 50 74 73 9 20 23 28 12 38 46 96 57 66 58 33 58 88 28 38 82 68 10 77 
84 35 11 55 44 26 19 8 29 72 79 22 15 7 25 84 61 35 27 65 85 4 89 17 12 60 11 26 51 51 35 14 63 20 30 55 3 91 65 47 54 71 23 3 74 43 41 60 89 43 52 72 35 81 68 0 12 25 9 36 34 77 1 88 92 1 64 97 97 17 14 75 85 63 65 32 4 43 90 24 64 18 73 40 58 25 36 25 61 35 83 74 46 73 2 63 2 3 13 85 37 93 88 47 15 
